-1585.939906
8372.319962
-19019.545176
24323.419001
-19240.571411
9749.440011
-3178.184928
658.006964
-86.348006
8.368436
0.031181
-1440.305367
7659.345548
-17556.412021
22702.503214
-18208.427863
9386.847192
-3124.713864
662.037209
-88.466634
8.557024
0.032233
-901.685815
4818.512783
-11115.137969
14494.910219
-11759.588425
6159.757412
-2097.652884
459.764128
-64.975540
7.071631
0.022473
-1583.338941
8359.410681
-18994.853595
24302.458402
-19237.318428
9757.811475
-3185.520227
660.789303
-86.894835
8.420345
0.031926
-1457.111491
7744.202987
-17740.679964
22928.457957
-18381.237829
9472.743161
-3152.722574
667.935163
-89.232325
8.608606
0.032919
-942.404955
5027.826039
-11576.306911
15063.942060
-12190.705349
6366.604077
-2160.227107
471.307451
-66.197011
7.136678
0.022880
-1556.007335
8218.178499
-18683.665912
23921.570392
-18954.780307
9627.868829
-3149.111528
654.905325
-86.398878
8.405323
0.031790
-1417.574263
7547.668575
-17326.624493
22447.505242
-18046.120779
9330.261828
-3116.873994
663.052856
-88.944022
8.613023
0.032806
-921.216548
4928.601558
-11381.826703
14857.007775
-12061.513981
6319.337884
-2151.055722
470.807739
-66.339425
7.172582
0.022940
-841.490489
4382.945428
-9797.889951
12291.229102
-9505.302230
4697.982135
-1497.830120
308.781499
-42.833064
5.392671
0.012776
-660.399358
3507.144329
-8030.267200
10378.852038
-8330.432643
4309.319027
-1448.118200
314.084224
-44.662174
5.466943
0.011526
-231.914211
1424.951905
-3795.231649
5723.271067
-5354.280043
3202.274541
-1219.245055
287.715762
-41.542004
4.995569
0.004229
-940.750862
5017.627344
-11548.617168
15021.788239
-12154.984731
6355.880610
-2169.094617
481.697278
-70.379583
7.807352
0.023979
-1127.930932
6011.910744
-13818.410571
17929.660474
-14442.269886
7487.696827
-2512.852115
539.624552
-74.200266
7.745494
0.023156
-497.190673
2675.654112
-6231.540466
8233.695064
-6803.105459
3657.881966
-1294.973156
301.742985
-47.331439
6.150593
0.015506
-1034.431265
5474.554247
-12486.574634
16072.174469
-12849.469687
6628.876402
-2229.271945
487.683698
-70.332420
7.765631
0.023049
-1104.575637
5894.036309
-13563.682034
17621.460528
-14212.819497
7378.661821
-2479.508183
533.120768
-73.410830
7.691836
0.022483
-487.173125
2622.397336
-6108.461752
8071.659389
-6669.338982
3586.070077
-1269.792798
296.081057
-46.546645
6.089409
0.015061
-581.549040
3114.259313
-7203.427257
9425.676121
-7678.970497
4043.333209
-1386.221155
306.563774
-44.029840
5.352857
0.011287
-572.823472
3088.377698
-7206.212047
9536.656188
-7884.026043
4229.908945
-1484.273610
336.815804
-49.254960
5.819091
0.011281
-581.549040
3114.259313
-7203.427257
9425.676121
-7678.970497
4043.333209
-1386.221155
306.563774
-44.029840
5.352857
0.011287
-1556.734602
8226.331647
-18711.035087
23965.550629
-18993.689088
9647.423188
-3154.435507
655.572514
-86.429193
8.410356
0.031387
-1453.532258
7731.160829
-17722.809817
22916.649603
-18375.500496
9467.914160
-3148.991638
666.445722
-88.970633
8.598932
0.032328
-935.061981
4984.807844
-11470.036245
14918.201400
-12068.252712
6301.079019
-2137.799105
466.578734
-65.665632
7.123569
0.023026
-1025.840691
5461.426288
-12534.202546
16230.971732
-13038.849549
6734.425615
-2246.376311
476.494424
-63.597639
6.524706
0.021658
-981.415564
5211.016292
-11932.245741
15425.187933
-12380.369988
6395.222359
-2136.521534
455.201824
-61.701355
6.598669
0.024836
-755.339153
4011.531479
-9180.325742
11847.115391
-9477.564440
4870.682572
-1615.785708
341.605491
-46.281743
5.346947
0.013302
-608.702211
3260.480327
-7542.125902
9867.114413
-8034.439340
4226.039889
-1445.974156
318.579708
-45.420818
5.434950
0.011949
-643.211473
3450.625474
-7999.280926
10497.981440
-8587.698468
4548.521358
-1572.440079
351.168784
-50.558993
5.880192
0.011369
-459.766328
2437.110655
-5573.600757
7199.637865
-5777.879857
2987.814391
-1001.856928
216.010184
-30.745572
4.264821
0.010365
-981.090412
5225.183976
-12000.487911
15557.842782
-12520.214529
6483.145588
-2170.194468
462.404286
-62.044113
6.433514
0.019176
-892.379937
4752.464354
-10917.138546
14162.771088
-11413.430325
5925.122210
-1992.394847
428.413423
-58.923115
6.471667
0.022012
-892.379937
4752.464354
-10917.138546
14162.771088
-11413.430325
5925.122210
-1992.394847
428.413423
-58.923115
6.471667
0.022012
-1468.837841
7839.119242
-18054.052585
23495.672447
-19010.158916
9919.837244
-3357.651725
726.039539
-97.858551
8.844363
0.043584
-1700.796798
9006.112992
-20552.268105
26460.676993
-21141.307319
10873.814059
-3625.006235
775.519468
-105.976457
10.179988
0.047208
-1174.549980
6374.941000
-14978.748161
19972.005210
-16652.698043
9029.797384
-3215.356846
745.312565
-110.705338
10.984699
0.015322
-858.969214
4466.144826
-9964.462272
12473.466980
-9623.849732
4744.835255
-1508.951081
310.335568
-42.964385
5.398909
0.012844
-678.257682
3595.284791
-8214.000288
10589.251192
-8474.461295
4369.387307
-1463.019661
316.125654
-44.783950
5.460787
0.011542
-227.897383
1386.414208
-3667.098857
5507.761110
-5145.848846
3081.285235
-1177.318713
279.430477
-40.683723
4.951984
0.004454
-803.936253
4280.008025
-9843.566208
12822.236852
-10431.730310
5522.706346
-1929.167078
444.588709
-67.930189
7.759968
0.028222
-1039.876022
5554.547784
-12808.673983
16697.994003
-13542.207732
7092.355407
-2417.481686
531.860046
-75.422397
7.873551
0.028709
-1065.587672
5657.127981
-12939.584887
16686.408276
-13334.638148
6841.339600
-2263.326615
476.117116
-63.582853
6.703530
0.021187
-1003.548844
5329.638830
-12206.363157
15788.043137
-12693.451177
6589.797362
-2231.006524
491.166629
-71.137668
7.834739
0.024275
-1193.577215
6350.010909
-14563.144949
18845.241640
-15129.466432
7810.942482
-2606.725230
555.434338
-75.513552
7.771915
0.023364
-490.905898
2645.606111
-6169.947303
8163.735633
-6755.385414
3637.950103
-1289.907259
300.925534
-47.211862
6.123707
0.015605
-970.150971
5172.893262
-11896.925635
15451.187042
-12466.673581
6484.638848
-2191.917290
478.874421
-68.670909
7.723801
0.018848
-409.436346
2213.680374
-5188.928094
6917.894555
-5788.466344
3168.790574
-1151.312760
278.349166
-45.808262
6.220607
0.015649
-993.926013
5267.034663
-12030.510901
15509.377450
-12421.024872
6421.672413
-2167.356958
478.156002
-70.494941
8.046694
0.024067
-1178.721194
6384.294802
-14954.690415
19846.411059
-16425.087259
8798.564086
-3070.491503
689.177047
-98.306104
9.820452
0.026805
-1143.660619
6208.539644
-14579.861430
19403.014893
-16107.053004
8656.485358
-3031.376999
682.848371
-97.774111
9.809498
0.026294
-2626.734152
14008.454577
-32231.857921
41894.435587
-33838.296770
17613.375876
-5938.816046
1275.987089
-169.793167
14.174193
0.064696
-2641.310577
14089.147220
-32422.343608
42145.554209
-34041.860774
17718.790811
-5973.887589
1283.282008
-170.666060
14.222964
0.065390
529.968161
-2826.149689
6436.609048
-8170.871595
6334.405305
-3096.524248
956.669931
-185.061987
21.888185
0.066178
0.001214
1072.831332
-5441.036667
11760.837574
-14144.466327
10386.450553
-4830.875799
1441.288211
-273.979210
28.568974
1.393774
-0.008997
889.676265
-4608.686019
10256.000550
-12833.373781
9931.976050
-4931.453117
1578.156332
-316.062916
33.720579
1.054085
-0.005318
935.389715
-4986.875965
11353.469096
-14355.218044
10962.290762
-5143.421934
1447.783221
-235.883730
23.564876
-0.098341
0.001653
-326.361990
1777.466704
-4181.755067
5559.356772
-4582.443461
2408.810227
-789.185831
142.925590
-8.386365
0.576274
-0.003022
174.899598
-1197.997820
3322.271733
-4922.201158
4273.301282
-2230.308714
696.983112
-134.229483
18.420278
-0.144049
0.003412
2583.575625
-13328.083039
29166.785452
-35141.179498
25277.139326
-10994.660526
2803.728885
-400.946182
35.405569
-0.766527
0.005771
812.750260
-3822.686110
7386.830297
-7410.360601
3889.633269
-777.034475
-172.007559
103.468141
-10.373098
0.789490
-0.005917
-173.676152
1005.393165
-2511.506197
3541.770067
-3093.124404
1720.904206
-596.960840
114.036692
-6.259810
0.425691
-0.002189
5851.339134
-31399.066701
72595.672206
-94524.246172
75978.511608
-38802.159583
12431.486130
-2341.796615
211.949134
-0.666956
-0.010549
212.929557
-598.556777
-62.584922
2234.967845
-3739.455723
2970.770591
-1268.810102
269.622465
-18.885087
1.011444
-0.006559
658.381335
-3694.934153
9012.169252
-12511.937945
10863.097946
-6082.270742
2166.989608
-454.047529
40.378790
3.185376
-0.010982
160.753884
-999.432160
2704.914973
-4177.457029
4051.678502
-2554.905927
1044.122320
-263.659917
34.244946
0.741269
-0.000924
880.369207
-4903.111049
11838.111275
-16210.957332
13812.690726
-7538.527454
2596.233929
-520.978195
43.666112
3.517792
-0.013687
616.159724
-3243.288839
7363.666938
-9449.536369
7549.274240
-3900.811758
1310.621172
-276.756599
30.318620
1.361977
-0.007257
646.972946
-3215.716050
6812.384512
-8055.164110
5875.754356
-2784.312749
888.820303
-191.892244
22.474353
1.692397
-0.010931
620.778908
-3225.486151
7163.899753
-8883.924004
6746.674795
-3242.851195
989.311603
-189.967587
22.529969
0.033741
0.001340
188.495911
-884.114250
1697.214733
-1678.480888
853.162270
-155.202859
-34.061444
9.872394
3.754508
0.362030
-0.001457
73.084448
-366.596062
761.211403
-839.452175
527.336221
-199.683131
65.151902
-30.514193
10.270574
0.190140
0.000916
522.945706
-2908.622747
6907.005724
-9115.562246
7288.991657
-3614.534661
1101.718511
-205.535462
25.084583
-0.496381
0.005110
-754.213690
4006.987504
-9179.850910
11870.734958
-9526.997064
4917.977178
-1640.659127
349.266128
-47.792845
5.527303
0.018740
-697.899665
3700.904272
-8460.001614
10912.635851
-8733.579469
4493.343250
-1491.850536
314.938326
-42.549433
5.043206
0.014313
-511.251878
2743.305841
-6340.628185
8258.343714
-6659.159478
3441.097649
-1142.731954
240.311933
-32.556104
4.258311
0.009358
-506.713759
2644.390257
-5923.695129
7443.002069
-5756.654246
2837.562144
-899.517357
185.630273
-27.320144
4.301025
0.013452
-631.598601
3349.495521
-7664.371872
9905.146367
-7949.517926
4106.769846
-1373.313366
294.506747
-41.290693
5.157340
0.015129
-920.954777
4821.227819
-10838.638093
13677.024524
-10632.240589
5266.877749
-1669.423944
336.318387
-44.570681
5.357522
0.019957
-574.864828
3042.358711
-6950.323606
8972.596523
-7198.685121
3721.398457
-1246.166586
266.723275
-36.304913
4.254539
0.012544
-537.949854
2843.126267
-6487.171300
8367.383088
-6711.403362
3471.577667
-1164.212329
249.501882
-33.907615
4.043525
0.010810
-321.235717
1736.024634
-4053.276858
5352.313395
-4396.445122
2329.371297
-800.209986
175.646161
-24.451402
3.256020
0.006971
58.689117
-310.886269
701.870979
-884.948337
684.159468
-334.359120
103.111054
-19.972284
2.144304
1.192889
-0.001173
29.659924
-79.463842
-39.901727
405.212238
-672.266345
563.002092
-272.215228
78.245194
-14.216566
2.943668
0.000649
-81.477630
498.595774
-1324.927913
2003.759031
-1899.847113
1172.863780
-474.704943
124.836550
-21.924363
3.828956
-0.001715
-378.067288
1993.530833
-4532.909588
5821.051536
-4648.358443
2399.294336
-809.582890
179.163046
-27.336045
4.215604
-0.001460
-645.003990
3441.729150
-7922.201977
10298.370442
-8315.090776
4322.619823
-1452.659015
310.351992
-42.297009
5.166325
0.013617
-645.003990
3441.729150
-7922.201977
10298.370442
-8315.090776
4322.619823
-1452.659015
310.351992
-42.297009
5.166325
0.013617
-212.110956
1145.602617
-2681.461475
3562.737930
-2956.981087
1589.955970
-555.936078
124.173171
-18.233445
3.249130
0.003821
-517.955616
2792.447361
-6497.486333
8542.427552
-6981.254819
3679.119498
-1257.372011
274.607615
-38.324812
4.779446
0.011180
-337.057396
1824.246311
-4269.155560
5659.396171
-4679.985945
2508.594559
-879.018101
199.283366
-29.407557
4.096396
0.007109
-230.070270
1240.331379
-2882.181748
3778.110211
-3073.617696
1611.049921
-548.110348
119.666854
-17.201518
3.020454
0.002651
-564.322099
3022.927860
-6995.435557
9161.354235
-7474.920276
3945.566216
-1357.705366
301.799562
-43.488630
5.208067
0.014767
-581.003907
3090.196677
-7090.405147
9187.905031
-7396.205077
3837.427385
-1292.638477
280.457384
-39.586680
4.839544
0.011951
-301.859816
1622.926464
-3772.117516
4964.182470
-4072.920837
2165.377471
-753.735762
171.372799
-26.100558
3.867376
0.007439
-638.996489
3407.738165
-7822.541019
10111.546281
-8089.143793
4150.747256
-1373.641209
289.634570
-38.778968
4.420679
0.013402
-399.847783
2182.133308
-5144.178655
6855.507414
-5678.635067
3030.735550
-1047.711004
231.529401
-32.578933
4.032626
0.012418
-346.766086
1858.672145
-4295.354086
5601.473605
-4533.423685
2362.146223
-797.931868
173.101612
-24.256939
3.330407
0.008286
-689.428808
3696.584366
-8551.137155
11170.886804
-9062.812282
4734.055201
-1600.587659
345.347447
-47.029924
5.100805
0.019609
-681.258957
3629.673080
-8338.188066
10809.819856
-8696.485066
4501.017071
-1506.787510
321.909257
-43.529716
4.811273
0.017437
-525.892460
2811.921572
-6474.888730
8401.203539
-6752.630713
3485.940776
-1162.888478
247.897901
-33.732931
4.055680
0.012887
-456.969148
2453.557424
-5697.796301
7495.700336
-6146.981834
3260.104136
-1125.041951
249.507269
-35.383226
4.288222
0.013982
-477.768067
2536.782711
-5817.211617
7543.704437
-6086.537859
3170.033408
-1072.627533
233.039894
-32.434339
4.005293
0.012275
-314.398600
1682.074438
-3888.538718
5084.601759
-4136.719385
2172.791612
-742.131954
163.344413
-23.321524
3.288789
0.008482
-658.490465
3486.048918
-7960.089565
10266.752733
-8231.825703
4259.907542
-1434.064580
311.451048
-43.896449
5.189927
0.014988
-561.617848
2996.722739
-6898.868940
8969.868746
-7244.905789
3771.196634
-1274.191532
277.198165
-39.246305
4.830647
0.012353
-561.617848
2996.722739
-6898.868940
8969.868746
-7244.905789
3771.196634
-1274.191532
277.198165
-39.246305
4.830647
0.012353
-607.868977
3223.756897
-7368.175183
9500.087675
-7599.572201
3911.887030
-1303.732837
278.013063
-37.798703
4.387321
0.014700
-523.842915
2776.498041
-6343.218021
8179.446735
-6550.124142
3380.129605
-1131.523538
242.974320
-33.405023
4.051040
0.012770
-387.942651
2046.148989
-4656.149241
5983.788011
-4777.060612
2457.808562
-820.572818
176.059744
-24.428766
3.339219
0.008821
-820.905168
4347.261096
-9917.337302
12757.043674
-10175.071129
5217.196454
-1728.929777
365.235794
-48.663561
5.147620
0.020540
-713.892520
3771.629626
-8595.927423
11064.660359
-8847.644063
4557.673579
-1520.871134
324.330959
-43.804894
4.825236
0.018691
-570.444855
2998.665650
-6792.180617
8678.930183
-6882.435572
3514.369505
-1163.294856
246.898677
-33.569355
4.046362
0.013738
-1439.147416
7163.829104
-14991.273050
16962.707712
-10977.790966
3773.638242
-369.093549
-174.992302
54.465337
-1.362915
0.014737
-1502.843777
7974.789807
-18149.609469
23085.871968
-17881.248949
8564.020524
-2418.710781
335.855726
-7.424390
0.295758
0.000796
-246.345909
1253.352269
-2726.578042
3287.007990
-2348.014478
940.946416
-129.528651
-52.504589
23.206952
-0.549882
0.006571
-786.478470
4311.429834
-10159.899438
13436.435936
-10903.331928
5550.575400
-1716.621518
282.484939
-14.157289
0.564622
-0.002628
-875.856212
4770.388580
-11176.058182
14686.116814
-11803.401395
5898.275467
-1751.106280
259.147822
-6.834896
0.327464
-0.000110
-1523.278819
8056.935236
-18203.662531
22862.493558
-17357.435950
8066.390753
-2175.524228
276.803008
-1.943270
0.218469
0.001389
-126.195498
230.286679
722.876308
-2980.292269
4517.649067
-3784.197239
1904.002471
-568.452797
87.440351
-2.135987
0.017354
-1449.551021
7408.907981
-16072.600482
19168.879884
-13527.613574
5566.261574
-1143.452661
20.637611
30.265456
-0.747397
0.008496
-922.201283
4921.032001
-11303.104203
14587.664377
-11557.307107
5734.962415
-1716.529872
266.305306
-10.250740
0.428233
-0.001276
-1223.159475
6260.517798
-13615.522931
16309.196581
-11594.026892
4829.814663
-1016.003487
24.760222
25.838850
-0.424705
0.005900
-1292.972344
6792.462024
-15257.662974
19072.118869
-14420.724493
6663.606915
-1768.417465
208.646479
3.942581
-0.004661
0.002448
-400.146107
2142.446331
-4924.052220
6334.773689
-4977.865752
2432.412871
-705.186781
97.412332
1.049842
0.154855
0.000363
2702.092511
-14995.890649
36004.020279
-48935.641712
41344.423073
-22410.415428
7733.816837
-1609.349808
170.272367
-2.339944
0.015597
1051.145470
-6232.644234
16020.251912
-23391.740854
21345.906367
-12596.104329
4784.088614
-1111.220890
133.602779
-2.302193
0.016699
-1269.202281
6364.776601
-13442.382475
15396.452485
-10147.512120
3618.255626
-431.520651
-132.718937
45.656621
-0.817866
0.009050
-1043.262345
5121.478280
-10452.070651
11271.835473
-6555.322488
1574.842704
322.855253
-303.988549
66.333377
-1.720802
0.016111
-1284.744622
6645.837562
-14649.898534
17859.389037
-13007.858150
5631.084382
-1291.196134
77.291562
21.574059
-0.489129
0.006274
-1284.744622
6645.837562
-14649.898534
17859.389037
-13007.858150
5631.084382
-1291.196134
77.291562
21.574059
-0.489129
0.006274
-1363.403288
6257.594517
-11507.817811
10226.881366
-3380.162051
-1501.851343
1885.780080
-734.666415
121.884749
-3.270830
0.025319
-1271.675809
6202.693771
-12627.750678
13704.758379
-8211.845862
2278.167083
143.275455
-280.501584
65.502245
-1.641967
0.014105
-370.386415
2131.597144
-5246.142664
7178.520275
-5925.312963
2969.261660
-839.123377
96.086526
6.423370
0.075111
0.001107
-1408.431651
7562.335861
-17380.818268
22278.384767
-17361.542615
8377.641701
-2412.441485
360.696383
-15.417593
0.593170
-0.001896
-429.499443
2672.058218
-7084.398152
10463.102864
-9414.324839
5273.766643
-1781.472497
320.669141
-19.889849
0.996015
-0.006287
-606.652758
3723.284767
-9759.105295
14270.876085
-12734.669943
7100.337248
-2412.789360
453.687555
-35.578164
1.622728
-0.010880
-619.793417
3139.380045
-6724.734190
7921.123742
-5597.245208
2440.101732
-652.877747
98.267282
-3.512345
0.290683
-0.001309
-622.503317
3191.392020
-6930.611946
8285.558806
-5935.792783
2604.028145
-685.905576
97.507744
-2.901323
0.228594
-0.000686
-563.562527
2720.628185
-5487.262171
5974.416146
-3791.795928
1423.415165
-313.309233
37.389588
0.987039
0.092189
0.000567
-839.476701
4389.775567
-9772.816893
12035.714137
-8894.056533
3970.412948
-994.757458
98.092285
8.174172
-0.065633
0.002527
-486.964455
2617.349750
-6068.149839
7927.047350
-6373.913232
3207.905933
-958.392782
134.966114
0.932777
0.217284
0.000429
-839.476701
4389.775567
-9772.816893
12035.714137
-8894.056533
3970.412948
-994.757458
98.092285
8.174172
-0.065633
0.002527
-1268.411902
6748.751111
-15481.917036
20042.571631
-16097.876120
8313.127539
-2773.661907
589.927087
-79.364101
7.813367
0.037278
-805.088655
4270.939522
-9772.488889
12632.736484
-10155.590712
5272.493548
-1782.223824
389.018068
-55.026220
6.199198
0.029611
-947.121221
5059.693248
-11661.253884
15179.139974
-12272.937541
6391.207850
-2155.162615
463.882120
-62.870792
6.398555
0.022278
-2158.318984
11523.134239
-26509.075251
34375.389733
-27597.027981
14187.484348
-4675.361535
966.424320
-121.892880
10.181863
0.057542
-1905.132897
10092.490510
-23029.839432
29601.482321
-23523.559816
11938.912019
-3863.992989
775.964812
-92.814939
7.438993
0.046397
-900.465757
4739.094858
-10735.441385
13709.098414
-10869.813271
5566.690340
-1860.981034
402.626220
-55.865943
6.025793
0.029641
-2383.653846
12655.480428
-28954.651653
37362.464258
-29892.009176
15360.841490
-5086.817969
1064.316494
-136.209508
11.140932
0.093011
-1634.185637
8679.553569
-19867.624457
25651.083980
-20534.229512
10557.869834
-3498.230314
732.892578
-94.439162
8.237150
0.068118
-1883.917298
9982.521207
-22773.552758
29259.621235
-23253.804711
11826.159828
-3853.984917
787.908140
-98.606690
8.597596
0.053923
-340.948620
1811.534294
-4156.770663
5396.969825
-4366.137833
2286.934584
-782.973574
174.400388
-25.749851
3.736655
0.004038
-427.549039
2307.566441
-5365.552153
7035.161205
-5720.584379
2992.144450
-1013.435523
220.090054
-30.891068
4.041495
0.007865
-340.262384
1799.505688
-4103.739827
5282.222009
-4221.153231
2172.984196
-726.067763
156.249207
-21.922602
3.176995
0.006859
-189.304744
1009.806261
-2283.251771
2840.969615
-2113.072532
953.667260
-251.750560
34.621070
-1.768026
1.077681
0.004807
164.435853
-796.769414
1635.724675
-1851.815069
1260.270334
-526.489692
131.483956
-17.761271
0.886780
1.036992
-0.000742
-119.432020
546.043232
-1051.895692
1109.977884
-698.693981
268.528688
-62.668221
8.952185
-0.896397
1.087520
-0.000642
-57.465445
380.475569
-990.156884
1352.909643
-1074.321091
512.303362
-145.467613
23.588839
-2.139226
1.270393
0.002121
-272.509891
1480.347604
-3382.000380
4230.055641
-3158.073322
1437.117373
-389.141432
57.979157
-4.029681
1.249997
0.004286
-3023.154352
15983.821707
-36378.671705
46624.691665
-36961.957979
18749.211243
-6089.530078
1234.824180
-149.194685
10.676964
0.275554
-1493.161404
7924.411238
-18120.950150
23365.772093
-18673.369550
9579.745718
-3164.600600
660.222298
-84.558130
7.403889
0.081028
-559.220685
2976.876195
-6833.351754
8854.972964
-7124.289564
3690.037964
-1237.172242
264.933303
-35.993347
4.184672
0.021192
-143.343067
765.244243
-1763.008926
2295.526632
-1858.995245
972.080069
-330.888186
72.868175
-10.615908
2.127770
0.004118
-0.000000
-0.000000
0.000000
-0.000000
0.000000
-0.000000
0.000000
-0.000000
0.000000
1.000000
0.000000
20.869807
-112.560353
262.727334
-348.020890
288.609786
-156.273206
56.277848
-13.792377
2.685003
0.477359
-0.000268
12.657361
-68.722731
161.790873
-216.801007
182.736904
-101.409288
38.063181
-10.144265
2.577552
0.251568
-0.000122
4.699878
-25.717203
61.164170
-83.103865
71.454977
-40.897328
16.198993
-4.842683
1.888212
0.154895
-0.000035
1.121770
-6.190932
14.891663
-20.552120
18.080763
-10.733093
4.541236
-1.576493
1.309313
0.107900
-0.000007
-0.002127
0.010655
-0.022818
0.027284
-0.019951
0.009184
-0.002639
0.000454
0.915688
0.084271
0.000000
-0.182553
1.025712
-2.529290
3.618897
-3.366540
2.196739
-1.117088
0.615693
0.669531
0.068898
0.000001
-0.126972
0.721996
-1.809415
2.649669
-2.554978
1.773374
-1.021124
0.796400
0.512661
0.058389
0.000001
-0.059486
0.341207
-0.866635
1.296490
-1.296229
0.962250
-0.640450
0.804771
0.407858
0.050223
0.000000
-181.749341
1190.780044
-3322.654720
5174.546769
-4938.392755
2977.774767
-1127.467657
260.648097
-37.961137
5.485795
-0.009295
186.802680
-590.699257
268.371154
1303.861797
-2590.470600
2242.430158
-1071.644115
293.637397
-47.690916
6.425579
-0.021752
-11.348233
403.699016
-1848.868751
3788.752335
-4334.975146
2982.124963
-1250.267896
312.849466
-47.067009
6.117802
-0.015153
-198.986869
1457.939747
-4411.432408
7316.014140
-7357.107237
4651.222436
-1845.951146
447.196679
-65.280966
7.412033
-0.025114
-329.219462
2028.847260
-5385.919465
8057.885149
-7457.402368
4407.765583
-1659.897754
389.312607
-57.432563
7.082960
-0.021400
-797.728776
4451.853394
-10740.955762
14649.934610
-12391.469041
6704.629590
-2310.520713
493.192067
-65.104289
7.181723
-0.013564
184.428360
-648.962758
578.406390
659.907598
-1873.838655
1774.012509
-887.926483
250.752337
-41.640874
5.877666
-0.014424
-384.734431
2321.734320
-6050.723501
8904.736104
-8117.386568
4726.821004
-1750.097970
400.669559
-56.798920
6.797400
-0.016624
1371.116295
-6755.591300
14007.935125
-15800.180841
10414.367083
-3954.792856
751.571505
-18.315282
-20.733882
5.659149
-0.029741
-906.326529
4143.956524
-7670.895912
7096.624189
-2951.302104
-210.885088
779.361040
-340.020887
62.413949
-1.955382
0.024760
3449.549912
-18186.557928
41164.297088
-52246.557322
40737.339157
-20090.837430
6211.537595
-1145.158213
108.326882
-0.938665
0.006759
-2853.884257
14465.109787
-31166.018630
37097.441419
-26475.809810
11429.270400
-2804.646936
305.719053
4.087987
-0.292256
0.013698
-493.496682
2744.537662
-6605.609415
9000.905057
-7621.959148
4141.297392
-1440.158311
313.564058
-43.901744
5.823531
-0.003005
-493.496682
2744.537662
-6605.609415
9000.905057
-7621.959148
4141.297392
-1440.158311
313.564058
-43.901744
5.823531
-0.003005
-493.496682
2744.537662
-6605.609415
9000.905057
-7621.959148
4141.297392
-1440.158311
313.564058
-43.901744
5.823531
-0.003005
3539.710165
-18736.363271
42621.079422
-54437.708109
42785.172393
-21310.920539
6666.332870
-1243.691093
118.616276
-1.228597
0.008338
-19.796861
-642.075276
3484.378705
-7583.829195
9011.302076
-6423.674871
2808.690982
-730.960855
99.974759
-3.045037
0.031876
-1540.197424
9328.391639
-24237.353695
35285.657645
-31495.139093
17674.456867
-6114.913864
1208.808562
-113.306770
4.633131
-0.033604
-1989.056772
9723.432462
-20023.749647
22532.238810
-15027.050886
6034.189584
-1434.377294
206.403843
-26.224959
5.204789
-0.016839
911.321311
-3687.199816
5705.048040
-3807.255683
289.823025
1152.794980
-759.078171
232.405080
-43.504146
6.678366
-0.022349
3627.735563
-18499.372104
40184.950910
-48511.911302
35623.323896
-16368.951825
4652.774412
-767.364362
58.021076
1.801500
-0.001201
-0.569906
2.729383
-5.562323
6.291020
5.288878
-20.531202
17.335729
-5.283532
0.380065
0.922062
0.000004
3418.147414
-17226.296558
36908.837342
-43803.786003
31440.397731
-13977.981023
3777.156090
-575.462444
37.603926
2.392436
0.000418
1685.911532
-8687.330948
19025.812365
-23040.378417
16795.283375
-7496.995690
1974.952178
-266.726354
6.680639
3.781962
0.011865
565.574035
-2928.572462
6584.679372
-8465.738838
6885.492586
-3676.263794
1274.643582
-266.465520
26.061621
1.597732
-0.006504
1372.596589
-7667.084730
18247.109853
-24144.744217
19441.083268
-9796.483115
3056.696925
-560.060798
51.343436
0.532973
0.006338
-1989.056772
9723.432462
-20023.749647
22532.238810
-15027.050886
6034.189584
-1434.377294
206.403843
-26.224959
5.204789
-0.016839
911.321311
-3687.199816
5705.048040
-3807.255683
289.823025
1152.794980
-759.078171
232.405080
-43.504146
6.678366
-0.022349
3627.735563
-18499.372104
40184.950910
-48511.911302
35623.323896
-16368.951825
4652.774412
-767.364362
58.021076
1.801500
-0.001201
